heightmap2.bmp
sand.bmp
6.0
50.0
25.0

1.0 1.0 1.0
1.0 1.0 1.0
0.0 0.0 0.0
0.0 0.0 0.0
0.0

5.0

top_1.bmp
bottom_1.bmp
front_1.bmp
back_1.bmp
left_1.bmp
right_1.bmp

collected.wav
Scary.wav
levelComplete.wav


-300.0 20.0 -300.0

BLOCK
-0.0 79.5 29.5
30.0 50.5 0.5
10.0 10.0 10.0
stone.bmp
1.0 1.0 1.0
1.0 1.0 1.0
0.0 0.0 0.0
0.0 0.0 0.0
0.0

BLOCK
-10.0 79.5 -30.5
20.0 50.5 0.5
10.0 10.0 10.0
stone.bmp
1.0 1.0 1.0
1.0 1.0 1.0
0.0 0.0 0.0
0.0 0.0 0.0
0.0

BLOCK
29.5 79.5 -0.500001907349
0.500001907349 50.5 29.5
10.0 10.0 10.0
stone.bmp
1.0 1.0 1.0
1.0 1.0 1.0
0.0 0.0 0.0
0.0 0.0 0.0
0.0

BLOCK
-29.5 79.5 -0.500001907349
0.500001907349 50.5 29.5
10.0 10.0 10.0
stone.bmp
1.0 1.0 1.0
1.0 1.0 1.0
0.0 0.0 0.0
0.0 0.0 0.0
0.0

BLOCK
39.5 130.5 -0.5
10.5 0.5 50.5
10.0 10.0 10.0
stone.bmp
1.0 1.0 1.0
1.0 1.0 1.0
0.0 0.0 0.0
0.0 0.0 0.0
0.0

BLOCK
-29.5 130.5 -11.0
20.5 0.5 40.0
10.0 10.0 10.0
stone.bmp
1.0 1.0 1.0
1.0 1.0 1.0
0.0 0.0 0.0
0.0 0.0 0.0
0.0

BLOCK
-10.5 130.5 39.5
39.5 0.5 10.5
10.0 10.0 10.0
stone.bmp
1.0 1.0 1.0
1.0 1.0 1.0
0.0 0.0 0.0
0.0 0.0 0.0
0.0

BLOCK
10.0 130.5 -31.0
19.0 0.5 20.0
10.0 10.0 10.0
stone.bmp
1.0 1.0 1.0
1.0 1.0 1.0
0.0 0.0 0.0
0.0 0.0 0.0
0.0

BLOCK
-29.5 145.5 19.4999980927
0.500001907349 14.5 9.5
10.0 10.0 10.0
stone.bmp
1.0 1.0 1.0
1.0 1.0 1.0
0.0 0.0 0.0
0.0 0.0 0.0
0.0

BLOCK
29.5 145.5 -1.00000190735
0.500001907349 14.5 30.0
10.0 10.0 10.0
stone.bmp
1.0 1.0 1.0
1.0 1.0 1.0
0.0 0.0 0.0
0.0 0.0 0.0
0.0

BLOCK
-0.0 145.5 29.4999980927
30.0 14.5 0.500001907349
10.0 10.0 10.0
stone.bmp
1.0 1.0 1.0
1.0 1.0 1.0
0.0 0.0 0.0
0.0 0.0 0.0
0.0

BLOCK
-9.5 145.5 -30.5000019073
20.5 14.5 0.500001907349
10.0 10.0 10.0
stone.bmp
1.0 1.0 1.0
1.0 1.0 1.0
0.0 0.0 0.0
0.0 0.0 0.0
0.0

BLOCK
20.0 155.0 -30.5000019073
9.0 5.0 0.500001907349
10.0 10.0 10.0
stone.bmp
1.0 1.0 1.0
1.0 1.0 1.0
0.0 0.0 0.0
0.0 0.0 0.0
0.0

BLOCK
-0.0 160.5 -0.5
30.0 0.5 30.5
10.0 10.0 10.0
stone.bmp
1.0 1.0 1.0
1.0 1.0 1.0
0.0 0.0 0.0
0.0 0.0 0.0
0.0

BLOCK
24.5 126.5 -5.0
4.5 1.5 5.0
10.0 10.0 10.0
stone.bmp
1.0 1.0 1.0
1.0 1.0 1.0
0.0 0.0 0.0
0.0 0.0 0.0
0.0

BLOCK
25.0 79.5 -30.5
5.0 50.5 0.5
10.0 10.0 10.0
stone.bmp
1.0 1.0 1.0
1.0 1.0 1.0
0.0 0.0 0.0
0.0 0.0 0.0
0.0

BLOCK
15.0 95.0 -30.5
5.0 35.0 0.5
10.0 10.0 10.0
stone.bmp
1.0 1.0 1.0
1.0 1.0 1.0
0.0 0.0 0.0
0.0 0.0 0.0
0.0

BLOCK
-29.5 145.5 -20.5
0.500001907349 14.5 10.5
10.0 10.0 10.0
stone.bmp
1.0 1.0 1.0
1.0 1.0 1.0
0.0 0.0 0.0
0.0 0.0 0.0
0.0

BLOCK
-29.5 155.0 0.0
0.500001907349 5.0 10.0
10.0 10.0 10.0
stone.bmp
1.0 1.0 1.0
1.0 1.0 1.0
0.0 0.0 0.0
0.0 0.0 0.0
0.0

BLOCK
-29.5 135.5 0.0
0.500001907349 4.5 10.0
10.0 10.0 10.0
stone.bmp
1.0 1.0 1.0
1.0 1.0 1.0
0.0 0.0 0.0
0.0 0.0 0.0
0.0

BLOCK
24.5 123.5 5.0
4.5 1.5 5.0
10.0 10.0 10.0
stone.bmp
1.0 1.0 1.0
1.0 1.0 1.0
0.0 0.0 0.0
0.0 0.0 0.0
0.0

BLOCK
24.5 120.5 15.0
4.5 1.5 5.0
10.0 10.0 10.0
stone.bmp
1.0 1.0 1.0
1.0 1.0 1.0
0.0 0.0 0.0
0.0 0.0 0.0
0.0

BLOCK
24.5 117.5 24.5
4.5 1.5 4.5
10.0 10.0 10.0
stone.bmp
1.0 1.0 1.0
1.0 1.0 1.0
0.0 0.0 0.0
0.0 0.0 0.0
0.0

BLOCK
15.0 114.5 24.5
5.0 1.5 4.5
10.0 10.0 10.0
stone.bmp
1.0 1.0 1.0
1.0 1.0 1.0
0.0 0.0 0.0
0.0 0.0 0.0
0.0

BLOCK
5.0 111.5 24.5
5.0 1.5 4.5
10.0 10.0 10.0
stone.bmp
1.0 1.0 1.0
1.0 1.0 1.0
0.0 0.0 0.0
0.0 0.0 0.0
0.0

BLOCK
-15.0 105.5 24.5
5.0 1.5 4.5
10.0 10.0 10.0
stone.bmp
1.0 1.0 1.0
1.0 1.0 1.0
0.0 0.0 0.0
0.0 0.0 0.0
0.0

BLOCK
-5.0 108.5 24.5
5.0 1.5 4.5
10.0 10.0 10.0
stone.bmp
1.0 1.0 1.0
1.0 1.0 1.0
0.0 0.0 0.0
0.0 0.0 0.0
0.0

BLOCK
-24.5 102.5 24.5
4.5 1.5 4.5
10.0 10.0 10.0
stone.bmp
1.0 1.0 1.0
1.0 1.0 1.0
0.0 0.0 0.0
0.0 0.0 0.0
0.0

BLOCK
-24.5 99.5 15.0
4.5 1.5 5.0
10.0 10.0 10.0
stone.bmp
1.0 1.0 1.0
1.0 1.0 1.0
0.0 0.0 0.0
0.0 0.0 0.0
0.0

BLOCK
-24.5 96.5 5.0
4.5 1.5 5.0
10.0 10.0 10.0
stone.bmp
1.0 1.0 1.0
1.0 1.0 1.0
0.0 0.0 0.0
0.0 0.0 0.0
0.0

BLOCK
-24.5 93.5 -5.0
4.5 1.5 5.0
10.0 10.0 10.0
stone.bmp
1.0 1.0 1.0
1.0 1.0 1.0
0.0 0.0 0.0
0.0 0.0 0.0
0.0

BLOCK
-24.5 90.5 -15.0
4.5 1.5 5.0
10.0 10.0 10.0
stone.bmp
1.0 1.0 1.0
1.0 1.0 1.0
0.0 0.0 0.0
0.0 0.0 0.0
0.0

BLOCK
-24.5 87.5 -25.0
4.5 1.5 5.0
10.0 10.0 10.0
stone.bmp
1.0 1.0 1.0
1.0 1.0 1.0
0.0 0.0 0.0
0.0 0.0 0.0
0.0

BLOCK
-15.0 84.5 -25.0
5.0 1.5 5.0
10.0 10.0 10.0
stone.bmp
1.0 1.0 1.0
1.0 1.0 1.0
0.0 0.0 0.0
0.0 0.0 0.0
0.0

BLOCK
-5.0 81.5 -25.0
5.0 1.5 5.0
10.0 10.0 10.0
stone.bmp
1.0 1.0 1.0
1.0 1.0 1.0
0.0 0.0 0.0
0.0 0.0 0.0
0.0

BLOCK
5.0 78.5 -25.0
5.0 1.5 5.0
10.0 10.0 10.0
stone.bmp
1.0 1.0 1.0
1.0 1.0 1.0
0.0 0.0 0.0
0.0 0.0 0.0
0.0

BLOCK
15.0 75.5 -25.0
5.0 1.5 5.0
10.0 10.0 10.0
stone.bmp
1.0 1.0 1.0
1.0 1.0 1.0
0.0 0.0 0.0
0.0 0.0 0.0
0.0

BLOCK
24.5 72.5 -25.0
4.5 1.5 5.0
10.0 10.0 10.0
stone.bmp
1.0 1.0 1.0
1.0 1.0 1.0
0.0 0.0 0.0
0.0 0.0 0.0
0.0

BLOCK
24.5 69.5 -15.0
4.5 1.5 5.0
10.0 10.0 10.0
stone.bmp
1.0 1.0 1.0
1.0 1.0 1.0
0.0 0.0 0.0
0.0 0.0 0.0
0.0

BLOCK
24.5 66.5 -5.0
4.5 1.5 5.0
10.0 10.0 10.0
stone.bmp
1.0 1.0 1.0
1.0 1.0 1.0
0.0 0.0 0.0
0.0 0.0 0.0
0.0

BLOCK
24.5 63.5 5.0
4.5 1.5 5.0
10.0 10.0 10.0
stone.bmp
1.0 1.0 1.0
1.0 1.0 1.0
0.0 0.0 0.0
0.0 0.0 0.0
0.0

BLOCK
24.5 60.5 15.0
4.5 1.5 5.0
10.0 10.0 10.0
stone.bmp
1.0 1.0 1.0
1.0 1.0 1.0
0.0 0.0 0.0
0.0 0.0 0.0
0.0

BLOCK
24.5 57.5 24.5
4.5 1.5 4.5
10.0 10.0 10.0
stone.bmp
1.0 1.0 1.0
1.0 1.0 1.0
0.0 0.0 0.0
0.0 0.0 0.0
0.0

BLOCK
15.0 54.5 24.5
5.0 1.5 4.5
10.0 10.0 10.0
stone.bmp
1.0 1.0 1.0
1.0 1.0 1.0
0.0 0.0 0.0
0.0 0.0 0.0
0.0

BLOCK
5.0 51.5 24.5
5.0 1.5 4.5
10.0 10.0 10.0
stone.bmp
1.0 1.0 1.0
1.0 1.0 1.0
0.0 0.0 0.0
0.0 0.0 0.0
0.0

BLOCK
-5.0 48.5 24.5
5.0 1.5 4.5
10.0 10.0 10.0
stone.bmp
1.0 1.0 1.0
1.0 1.0 1.0
0.0 0.0 0.0
0.0 0.0 0.0
0.0

BLOCK
-15.0 45.5 24.5
5.0 1.5 4.5
10.0 10.0 10.0
stone.bmp
1.0 1.0 1.0
1.0 1.0 1.0
0.0 0.0 0.0
0.0 0.0 0.0
0.0

BLOCK
-24.5 42.5 24.5
4.5 1.5 4.5
10.0 10.0 10.0
stone.bmp
1.0 1.0 1.0
1.0 1.0 1.0
0.0 0.0 0.0
0.0 0.0 0.0
0.0













COIN
-40.0 132.0 0.0
0.5
0.25
90.0
0.0 1.0 0.0
0.0 1.0 0.0
1.0 1.0 1.0
0.0 0.0 0.0
10.0



LIGHT
100.0 100.0 100.0
1.0 1.0 1.0
1.0 1.0 1.0
1.0 1.0 1.0
0.0
1.0
0.1
0.0


LIGHT
-100.0 100.0 -100.0
1.0 1.0 1.0
0.0 0.0 1.0
1.0 1.0 1.0
0.0
1.0
0.1
0.0


BAD_GUY
Dalek
knight.md2
knight.bmp
0.0 150.0 0.0
0.16 0.16 0.16
4.0 4.0 4.0
0.0
1.0 1.0 1.0
1.0 1.0 1.0
0.0 0.0 0.0
0.0 0.0 0.0
0.0
roar.wav
punch.wav
moan.wav
attack.wav
20.0
4.0
0.0
10000.0
9.0
10
100
40	45	3.0
46	53	6.0
190	197	6.0