heightmap.bmp
texture.bmp
3.0
100.0
16.0

1.0 1.0 1.0
1.0 1.0 1.0
0.0 0.0 0.0
0.0 0.0 0.0
0.0

5.0

top.bmp
bottom.bmp
front.bmp
back.bmp
left.bmp
right.bmp

collected.wav
loop.wav
levelComplete.wav


-150.0 40.0 -0.0

BLOCK
-260.0 50.0 15.0
10.0 20.0 5.0
10.0 10.0 10.0
default.bmp
1.0 1.0 1.0
1.0 1.0 1.0
0.0 0.0 0.0
1.0 1.0 1.0
0.0

BLOCK
-160.0 50.0 15.0
10.0 20.0 5.0
10.0 10.0 10.0
default.bmp
1.0 1.0 1.0
1.0 1.0 1.0
0.0 0.0 0.0
1.0 1.0 1.0
0.0

BLOCK
-60.0 50.0 15.0
10.0 20.0 5.0
10.0 10.0 10.0
default.bmp
1.0 1.0 1.0
1.0 1.0 1.0
0.0 0.0 0.0
1.0 1.0 1.0
0.0

BLOCK
-110.0 50.0 15.0
10.0 20.0 5.0
10.0 10.0 10.0
default.bmp
1.0 1.0 1.0
1.0 1.0 1.0
0.0 0.0 0.0
1.0 1.0 1.0
0.0

BLOCK
-210.0 50.0 15.0
10.0 20.0 5.0
10.0 10.0 10.0
default.bmp
1.0 1.0 1.0
1.0 1.0 1.0
0.0 0.0 0.0
1.0 1.0 1.0
0.0

BLOCK
-135.0 15.0 -40.0
135.0 15.0 60.0
10.0 10.0 10.0
default.bmp
1.0 1.0 1.0
1.0 1.0 1.0
0.0 0.0 0.0
1.0 1.0 1.0
0.0

BLOCK
-10.0 50.0 15.0
10.0 20.0 5.0
10.0 10.0 10.0
default.bmp
1.0 1.0 1.0
1.0 1.0 1.0
0.0 0.0 0.0
1.0 1.0 1.0
0.0

BLOCK
-10.0 50.0 -95.0
10.0 20.0 5.0
10.0 10.0 10.0
default.bmp
1.0 1.0 1.0
1.0 1.0 1.0
0.0 0.0 0.0
1.0 1.0 1.0
0.0

BLOCK
-110.0 50.0 -95.0
10.0 20.0 5.0
10.0 10.0 10.0
default.bmp
1.0 1.0 1.0
1.0 1.0 1.0
0.0 0.0 0.0
1.0 1.0 1.0
0.0

BLOCK
-60.0 50.0 -95.0
10.0 20.0 5.0
10.0 10.0 10.0
default.bmp
1.0 1.0 1.0
1.0 1.0 1.0
0.0 0.0 0.0
1.0 1.0 1.0
0.0

BLOCK
-160.0 50.0 -95.0
10.0 20.0 5.0
10.0 10.0 10.0
default.bmp
1.0 1.0 1.0
1.0 1.0 1.0
0.0 0.0 0.0
1.0 1.0 1.0
0.0

BLOCK
-260.0 50.0 -95.0
10.0 20.0 5.0
10.0 10.0 10.0
default.bmp
1.0 1.0 1.0
1.0 1.0 1.0
0.0 0.0 0.0
1.0 1.0 1.0
0.0

BLOCK
-210.0 50.0 -95.0
10.0 20.0 5.0
10.0 10.0 10.0
default.bmp
1.0 1.0 1.0
1.0 1.0 1.0
0.0 0.0 0.0
1.0 1.0 1.0
0.0

BLOCK
-10.0 75.0 -40.0
10.0 5.0 60.0
10.0 10.0 10.0
default.bmp
1.0 1.0 1.0
1.0 1.0 1.0
0.0 0.0 0.0
1.0 1.0 1.0
0.0

BLOCK
-260.0 75.0 -40.0
10.0 5.0 60.0
10.0 10.0 10.0
default.bmp
1.0 1.0 1.0
1.0 1.0 1.0
0.0 0.0 0.0
1.0 1.0 1.0
0.0

BLOCK
-135.0 75.0 9.99999976158
115.0 5.0 10.0000002384
10.0 10.0 10.0
default.bmp
1.0 1.0 1.0
1.0 1.0 1.0
0.0 0.0 0.0
1.0 1.0 1.0
0.0

BLOCK
-135.0 75.0 -90.0
115.0 5.0 10.0
10.0 10.0 10.0
default.bmp
1.0 1.0 1.0
1.0 1.0 1.0
0.0 0.0 0.0
1.0 1.0 1.0
0.0

COIN
-50.0 33.7616386414 -40.0
0.5
0.25
90.0
1.0 1.0 0.0
1.0 1.0 0.0
0.0 0.0 0.0
0.0 0.0 0.0
0.0

COIN
-210.0 33.7616386414 -40.0
0.5
0.25
90.0
1.0 1.0 0.0
1.0 1.0 0.0
0.0 0.0 0.0
0.0 0.0 0.0
0.0

COIN
-130.0 33.7616386414 -40.0
0.5
0.25
90.0
1.0 1.0 0.0
1.0 1.0 0.0
0.0 0.0 0.0
0.0 0.0 0.0
0.0


LIGHT
100.0 100.0 100.0
1.0 1.0 1.0
1.0 1.0 1.0
1.0 1.0 1.0
20.0
1.0
0.1
0.0


LIGHT
-100.0 100.0 -100.0
1.0 1.0 1.0
1.0 0.0 0.0
1.0 1.0 1.0
20.0
1.0
0.1
0.0



BAD_GUY
Dalek
dalek.md2
dalek.bmp
-80.0 60.0 0.0
0.08 0.08 0.08
2.0 2.0 2.0
0.0
1.0 1.0 1.0
1.0 1.0 1.0
0.0 0.0 0.0
0.0 0.0 0.0
0.0
exterminate2.wav
punch.wav
collected.wav
Laser.wav
30.0
4.0
6.0
10.0
6.0
10
100
154	159	3.0
154	159	3.0
154	159	3.0

BAD_GUY
Dalek
Tris3.md2
spider.bmp
-100.0 60.0 0.0
0.08 0.08 0.08
2.0 2.0 2.0
0.0
1.0 1.0 1.0
1.0 1.0 1.0
0.0 0.0 0.0
0.0 0.0 0.0
0.0
exterminate.wav
punch.wav
collected.wav
Laser.wav
30.0
4.0
6.0
10.0
6.0
10
100
154	159	3.0
154	159	3.0
154	159	3.0

BAD_GUY
Hobgoblin
hobgoblin.md2
hobgoblin.bmp
-180.0 60.0 0.0
0.08 0.08 0.08
2.0 2.0 2.0
0.0
1.0 1.0 1.0
1.0 1.0 1.0
0.0 0.0 0.0
0.0 0.0 0.0
0.0
collected.wav
punch.wav
collected.wav
attack.wav
30.0
4.0
9.0
10.0
9.0
5
100
154	159	3.0
112.0	122.0	15.0
178.0	183.0	5.0



	
