heightmap.bmp
texture.bmp
3.0
80.0
16.0

1.0 1.0 1.0
1.0 1.0 1.0
0.0 0.0 0.0
0.0 0.0 0.0
0.0

5.0

top.bmp
bottom.bmp
front.bmp
back.bmp
left.bmp
right.bmp

collected.wav
Elemental.wav
levelComplete.wav


200.0 0.0 0.0

BLOCK
195.0 64.0 15.0
5.0 1.0 5.0
10.0 10.0 10.0
default.bmp
1.0 1.0 1.0
1.0 1.0 1.0
0.0 0.0 0.0
1.0 1.0 1.0
0.0

BLOCK
195.0 67.0 -4.99999976158
5.0 1.0 5.00000023842
10.0 10.0 10.0
default.bmp
1.0 1.0 1.0
1.0 1.0 1.0
0.0 0.0 0.0
1.0 1.0 1.0
0.0

BLOCK
195.0 70.0 -25.0
5.0 1.0 5.0
10.0 10.0 10.0
default.bmp
1.0 1.0 1.0
1.0 1.0 1.0
0.0 0.0 0.0
1.0 1.0 1.0
0.0

BLOCK
195.0 79.0 -85.0
5.0 1.0 5.0
10.0 10.0 10.0
default.bmp
1.0 1.0 1.0
1.0 1.0 1.0
0.0 0.0 0.0
1.0 1.0 1.0
0.0

BLOCK
195.0 76.0 -65.0
5.0 1.0 5.0
10.0 10.0 10.0
default.bmp
1.0 1.0 1.0
1.0 1.0 1.0
0.0 0.0 0.0
1.0 1.0 1.0
0.0

BLOCK
195.0 73.0 -45.0
5.0 1.0 5.0
10.0 10.0 10.0
default.bmp
1.0 1.0 1.0
1.0 1.0 1.0
0.0 0.0 0.0
1.0 1.0 1.0
0.0

BLOCK
175.0 82.0 -85.0
5.0 1.0 5.0
10.0 10.0 10.0
default.bmp
1.0 1.0 1.0
1.0 1.0 1.0
0.0 0.0 0.0
1.0 1.0 1.0
0.0

BLOCK
155.0 85.0 -85.0
5.0 1.0 5.0
10.0 10.0 10.0
default.bmp
1.0 1.0 1.0
1.0 1.0 1.0
0.0 0.0 0.0
1.0 1.0 1.0
0.0

BLOCK
135.0 88.0 -85.0
5.0 1.0 5.0
10.0 10.0 10.0
default.bmp
1.0 1.0 1.0
1.0 1.0 1.0
0.0 0.0 0.0
1.0 1.0 1.0
0.0

BLOCK
75.0 97.0 -85.0
5.0 1.0 5.0
10.0 10.0 10.0
default.bmp
1.0 1.0 1.0
1.0 1.0 1.0
0.0 0.0 0.0
1.0 1.0 1.0
0.0

BLOCK
95.0 94.0 -85.0
5.0 1.0 5.0
10.0 10.0 10.0
default.bmp
1.0 1.0 1.0
1.0 1.0 1.0
0.0 0.0 0.0
1.0 1.0 1.0
0.0

BLOCK
115.0 91.0 -85.0
5.0 1.0 5.0
10.0 10.0 10.0
default.bmp
1.0 1.0 1.0
1.0 1.0 1.0
0.0 0.0 0.0
1.0 1.0 1.0
0.0

BLOCK
-4.99999976158 109.0 -85.0
5.00000023842 1.0 5.0
10.0 10.0 10.0
default.bmp
1.0 1.0 1.0
1.0 1.0 1.0
0.0 0.0 0.0
1.0 1.0 1.0
0.0

BLOCK
-25.0 112.0 -85.0
5.0 1.0 5.0
10.0 10.0 10.0
default.bmp
1.0 1.0 1.0
1.0 1.0 1.0
0.0 0.0 0.0
1.0 1.0 1.0
0.0

BLOCK
-45.0 115.0 -85.0
5.0 1.0 5.0
10.0 10.0 10.0
default.bmp
1.0 1.0 1.0
1.0 1.0 1.0
0.0 0.0 0.0
1.0 1.0 1.0
0.0

BLOCK
15.0 106.0 -85.0
5.0 1.0 5.0
10.0 10.0 10.0
default.bmp
1.0 1.0 1.0
1.0 1.0 1.0
0.0 0.0 0.0
1.0 1.0 1.0
0.0

BLOCK
35.0 103.0 -85.0
5.0 1.0 5.0
10.0 10.0 10.0
default.bmp
1.0 1.0 1.0
1.0 1.0 1.0
0.0 0.0 0.0
1.0 1.0 1.0
0.0

BLOCK
55.0 100.0 -85.0
5.0 1.0 5.0
10.0 10.0 10.0
default.bmp
1.0 1.0 1.0
1.0 1.0 1.0
0.0 0.0 0.0
1.0 1.0 1.0
0.0

BLOCK
-45.0 117.0 -65.0
5.0 1.0 5.0
10.0 10.0 10.0
default.bmp
1.0 1.0 1.0
1.0 1.0 1.0
0.0 0.0 0.0
1.0 1.0 1.0
0.0

BLOCK
-45.0 120.0 -45.0
5.0 1.0 5.0
10.0 10.0 10.0
default.bmp
1.0 1.0 1.0
1.0 1.0 1.0
0.0 0.0 0.0
1.0 1.0 1.0
0.0

BLOCK
-45.0 126.0 -4.99999976158
5.0 1.0 5.00000023842
10.0 10.0 10.0
default.bmp
1.0 1.0 1.0
1.0 1.0 1.0
0.0 0.0 0.0
1.0 1.0 1.0
0.0

BLOCK
-45.0 123.0 -25.0
5.0 1.0 5.0
10.0 10.0 10.0
default.bmp
1.0 1.0 1.0
1.0 1.0 1.0
0.0 0.0 0.0
1.0 1.0 1.0
0.0

BLOCK
-45.0 135.0 55.0
5.0 1.0 5.0
10.0 10.0 10.0
default.bmp
1.0 1.0 1.0
1.0 1.0 1.0
0.0 0.0 0.0
1.0 1.0 1.0
0.0

BLOCK
-45.0 138.0 105.0
55.0 1.0 35.0
10.0 10.0 10.0
default.bmp
1.0 1.0 1.0
1.0 1.0 1.0
0.0 0.0 0.0
1.0 1.0 1.0
0.0

BLOCK
-45.0 132.0 35.0
5.0 1.0 5.0
10.0 10.0 10.0
default.bmp
1.0 1.0 1.0
1.0 1.0 1.0
0.0 0.0 0.0
1.0 1.0 1.0
0.0

BLOCK
-45.0 129.0 15.0
5.0 1.0 5.0
10.0 10.0 10.0
default.bmp
1.0 1.0 1.0
1.0 1.0 1.0
0.0 0.0 0.0
1.0 1.0 1.0
0.0

BLOCK
-45.0 138.0 245.0
55.0 1.0 35.0
10.0 10.0 10.0
default.bmp
1.0 1.0 1.0
1.0 1.0 1.0
0.0 0.0 0.0
1.0 1.0 1.0
0.0

BLOCK
-45.0 138.0 175.0
5.0 1.0 35.0
10.0 10.0 10.0
default.bmp
1.0 1.0 1.0
1.0 1.0 1.0
0.0 0.0 0.0
1.0 1.0 1.0
0.0

COIN
-45.0 139.5 185.0
0.5
0.25
90.0
1.0 1.0 0.0
1.0 1.0 0.0
0.0 0.0 0.0
0.0 0.0 0.0
0.0

COIN
-45.0 139.5 205.0
0.5
0.25
90.0
1.0 1.0 0.0
1.0 1.0 0.0
0.0 0.0 0.0
0.0 0.0 0.0
0.0

COIN
-45.0 139.5 165.0
0.5
0.25
90.0
1.0 1.0 0.0
1.0 1.0 0.0
0.0 0.0 0.0
0.0 0.0 0.0
0.0

COIN
-45.0 139.5 145.0
0.5
0.25
90.0
1.0 1.0 0.0
1.0 1.0 0.0
0.0 0.0 0.0
0.0 0.0 0.0
0.0

COIN
-15.0 139.5 255.0
0.5
0.25
90.0
1.0 1.0 0.0
1.0 1.0 0.0
0.0 0.0 0.0
0.0 0.0 0.0
0.0

COIN
-15.0 139.5 235.0
0.5
0.25
90.0
1.0 1.0 0.0
1.0 1.0 0.0
0.0 0.0 0.0
0.0 0.0 0.0
0.0

COIN
-75.0 139.5 235.0
0.5
0.25
90.0
1.0 1.0 0.0
1.0 1.0 0.0
0.0 0.0 0.0
0.0 0.0 0.0
0.0

COIN
-75.0 139.5 255.0
0.5
0.25
90.0
1.0 1.0 0.0
1.0 1.0 0.0
0.0 0.0 0.0
0.0 0.0 0.0
0.0

COIN
-45.0 139.5 245.0
0.5
0.25
90.0
1.0 1.0 0.0
1.0 1.0 0.0
0.0 0.0 0.0
0.0 0.0 0.0
0.0

COIN
-45.0 139.5 105.0
0.5
0.25
90.0
1.0 1.0 0.0
1.0 1.0 0.0
0.0 0.0 0.0
0.0 0.0 0.0
0.0

COIN
-75.0 139.5 115.0
0.5
0.25
90.0
1.0 1.0 0.0
1.0 1.0 0.0
0.0 0.0 0.0
0.0 0.0 0.0
0.0

COIN
-75.0 139.5 95.0
0.5
0.25
90.0
1.0 1.0 0.0
1.0 1.0 0.0
0.0 0.0 0.0
0.0 0.0 0.0
0.0

COIN
-15.0 139.5 95.0
0.5
0.25
90.0
1.0 1.0 0.0
1.0 1.0 0.0
0.0 0.0 0.0
0.0 0.0 0.0
0.0

COIN
-15.0 139.5 115.0
0.5
0.25
90.0
1.0 1.0 0.0
1.0 1.0 0.0
0.0 0.0 0.0
0.0 0.0 0.0
0.0

COIN
-45.0 136.5 55.0
0.5
0.25
90.0
1.0 1.0 0.0
1.0 1.0 0.0
0.0 0.0 0.0
0.0 0.0 0.0
0.0

COIN
-45.0 133.5 35.0
0.5
0.25
90.0
1.0 1.0 0.0
1.0 1.0 0.0
0.0 0.0 0.0
0.0 0.0 0.0
0.0

COIN
-45.0 130.5 15.0
0.5
0.25
90.0
1.0 1.0 0.0
1.0 1.0 0.0
0.0 0.0 0.0
0.0 0.0 0.0
0.0

COIN
-45.0 127.5 -5.0
0.5
0.25
90.0
1.0 1.0 0.0
1.0 1.0 0.0
0.0 0.0 0.0
0.0 0.0 0.0
0.0

COIN
-45.0 124.5 -25.0
0.5
0.25
90.0
1.0 1.0 0.0
1.0 1.0 0.0
0.0 0.0 0.0
0.0 0.0 0.0
0.0

COIN
-45.0 121.5 -45.0
0.5
0.25
90.0
1.0 1.0 0.0
1.0 1.0 0.0
0.0 0.0 0.0
0.0 0.0 0.0
0.0

COIN
-45.0 118.5 -65.0
0.5
0.25
90.0
1.0 1.0 0.0
1.0 1.0 0.0
0.0 0.0 0.0
0.0 0.0 0.0
0.0

COIN
-45.0 116.5 -85.0
0.5
0.25
90.0
1.0 1.0 0.0
1.0 1.0 0.0
0.0 0.0 0.0
0.0 0.0 0.0
0.0

COIN
-25.0 113.5 -85.0
0.5
0.25
90.0
1.0 1.0 0.0
1.0 1.0 0.0
0.0 0.0 0.0
0.0 0.0 0.0
0.0

COIN
-5.0 110.5 -85.0
0.5
0.25
90.0
1.0 1.0 0.0
1.0 1.0 0.0
0.0 0.0 0.0
0.0 0.0 0.0
0.0

COIN
15.0 107.5 -85.0
0.5
0.25
90.0
1.0 1.0 0.0
1.0 1.0 0.0
0.0 0.0 0.0
0.0 0.0 0.0
0.0

COIN
35.0 104.5 -85.0
0.5
0.25
90.0
1.0 1.0 0.0
1.0 1.0 0.0
0.0 0.0 0.0
0.0 0.0 0.0
0.0

COIN
55.0 101.5 -85.0
0.5
0.25
90.0
1.0 1.0 0.0
1.0 1.0 0.0
0.0 0.0 0.0
0.0 0.0 0.0
0.0

COIN
75.0 98.5 -85.0
0.5
0.25
90.0
1.0 1.0 0.0
1.0 1.0 0.0
0.0 0.0 0.0
0.0 0.0 0.0
0.0

COIN
95.0 95.5 -85.0
0.5
0.25
90.0
1.0 1.0 0.0
1.0 1.0 0.0
0.0 0.0 0.0
0.0 0.0 0.0
0.0

COIN
115.0 92.5 -85.0
0.5
0.25
90.0
1.0 1.0 0.0
1.0 1.0 0.0
0.0 0.0 0.0
0.0 0.0 0.0
0.0

COIN
135.0 89.5 -85.0
0.5
0.25
90.0
1.0 1.0 0.0
1.0 1.0 0.0
0.0 0.0 0.0
0.0 0.0 0.0
0.0

COIN
155.0 86.5 -85.0
0.5
0.25
90.0
1.0 1.0 0.0
1.0 1.0 0.0
0.0 0.0 0.0
0.0 0.0 0.0
0.0

COIN
175.0 83.5 -85.0
0.5
0.25
90.0
1.0 1.0 0.0
1.0 1.0 0.0
0.0 0.0 0.0
0.0 0.0 0.0
0.0

COIN
195.0 80.5 -85.0
0.5
0.25
90.0
1.0 1.0 0.0
1.0 1.0 0.0
0.0 0.0 0.0
0.0 0.0 0.0
0.0

COIN
195.0 77.5 -65.0
0.5
0.25
90.0
1.0 1.0 0.0
1.0 1.0 0.0
0.0 0.0 0.0
0.0 0.0 0.0
0.0

COIN
195.0 74.5 -45.0
0.5
0.25
90.0
1.0 1.0 0.0
1.0 1.0 0.0
0.0 0.0 0.0
0.0 0.0 0.0
0.0

COIN
195.0 71.5 -25.0
0.5
0.25
90.0
1.0 1.0 0.0
1.0 1.0 0.0
0.0 0.0 0.0
0.0 0.0 0.0
0.0

COIN
195.0 68.5 -5.0
0.5
0.25
90.0
1.0 1.0 0.0
1.0 1.0 0.0
0.0 0.0 0.0
0.0 0.0 0.0
0.0




LIGHT
100.0 100.0 100.0
1.0 1.0 1.0
1.0 1.0 1.0
0.0 0.0 0.0
0.0
1.0
0.1
0.0


LIGHT
-100.0 100.0 -100.0
1.0 1.0 1.0
1.0 0.0 0.0
0.0 0.0 0.0
0.0
1.0
0.1
0.0

	